[[2.04655, 2.17258, 4.0, 0.07484],
[1.76534, 2.0655, 4.0, 0.07523],
[1.48377, 1.95746, 4.0, 0.0754],
[1.2022, 1.84942, 4.0, 0.0754],
[0.92062, 1.74139, 4.0, 0.0754],
[0.63905, 1.63336, 4.0, 0.0754],
[0.35747, 1.52533, 4.0, 0.0754],
[0.07589, 1.4173, 4.0, 0.0754],
[-0.20568, 1.30926, 3.47845, 0.0867],
[-0.48726, 1.20123, 3.05117, 0.09884],
[-0.76873, 1.0938, 2.7124, 0.11107],
[-1.04934, 0.99109, 2.42883, 0.12303],
[-1.3282, 0.89696, 2.13852, 0.13763],
[-1.60421, 0.81516, 1.9091, 0.15079],
[-1.8762, 0.74895, 1.6877, 0.16586],
[-2.1428, 0.70136, 1.48534, 0.18233],
[-2.40255, 0.67512, 1.48534, 0.17576],
[-2.65378, 0.67275, 1.48534, 0.16915],
[-2.89414, 0.69781, 1.48534, 0.1627],
[-3.12091, 0.75353, 1.48534, 0.15722],
[-3.33003, 0.84476, 1.48534, 0.1536],
[-3.51456, 0.97906, 1.81256, 0.12592],
[-3.68063, 1.14226, 2.17591, 0.107],
[-3.83242, 1.32637, 1.96493, 0.12144],
[-3.97437, 1.52432, 1.74094, 0.13992],
[-4.11156, 1.73217, 1.55202, 0.16046],
[-4.2592, 1.93033, 1.45615, 0.1697],
[-4.41719, 2.11153, 1.3, 0.18493],
[-4.58534, 2.2705, 1.3, 0.178],
[-4.76388, 2.40177, 1.3, 0.17047],
[-4.9522, 2.50061, 1.3, 0.1636],
[-5.14885, 2.56155, 1.3, 0.15836],
[-5.35086, 2.58134, 1.3, 0.15614],
[-5.55364, 2.54928, 1.41012, 0.14559],
[-5.75081, 2.47103, 1.55371, 0.13653],
[-5.93752, 2.35222, 1.6977, 0.13036],
[-6.10953, 2.19772, 1.8543, 0.12469],
[-6.26339, 2.01311, 2.03684, 0.11799],
[-6.39718, 1.80493, 2.16709, 0.11419],
[-6.50918, 1.57846, 2.27608, 0.111],
[-6.59841, 1.3386, 2.39362, 0.10692],
[-6.66512, 1.08973, 2.28019, 0.113],
[-6.71031, 0.83528, 1.92731, 0.13409],
[-6.73448, 0.57777, 1.92731, 0.1342],
[-6.73789, 0.31926, 1.92731, 0.13414],
[-6.72019, 0.06158, 1.92731, 0.13402],
[-6.67968, -0.19331, 1.92731, 0.13391],
[-6.61285, -0.44255, 1.92731, 0.13389],
[-6.51044, -0.67943, 2.11029, 0.12229],
[-6.37993, -0.90222, 2.27533, 0.11348],
[-6.22662, -1.11038, 2.42727, 0.10651],
[-6.05455, -1.30379, 2.56548, 0.1009],
[-5.86685, -1.48253, 2.72719, 0.09504],
[-5.66633, -1.64726, 2.79696, 0.09278],
[-5.45479, -1.79825, 2.61495, 0.09939],
[-5.23368, -1.93573, 2.3876, 0.10905],
[-5.00399, -2.05959, 2.15584, 0.12105],
[-4.76666, -2.16973, 2.15584, 0.12137],
[-4.52219, -2.26533, 2.15584, 0.12176],
[-4.27053, -2.34377, 2.15584, 0.12227],
[-4.01193, -2.40183, 2.15584, 0.12294],
[-3.7469, -2.43454, 2.15584, 0.12387],
[-3.47692, -2.4349, 2.61545, 0.10323],
[-3.20512, -2.41256, 2.89585, 0.09417],
[-2.93246, -2.37114, 3.23013, 0.08538],
[-2.65944, -2.31391, 3.61524, 0.07716],
[-2.38634, -2.24368, 4.0, 0.0705],
[-2.11332, -2.16303, 4.0, 0.07117],
[-1.84042, -2.07401, 4.0, 0.07176],
[-1.56767, -1.97834, 4.0, 0.07226],
[-1.29507, -1.87775, 4.0, 0.07264],
[-1.02258, -1.77351, 3.78045, 0.07717],
[-0.75444, -1.6685, 3.37334, 0.08537],
[-0.48699, -1.56758, 3.02045, 0.09464],
[-0.22062, -1.47282, 2.7532, 0.10269],
[0.04429, -1.38619, 2.41592, 0.11537],
[0.3073, -1.30953, 2.14418, 0.12777],
[0.5679, -1.24473, 1.86512, 0.14398],
[0.82541, -1.19395, 1.6291, 0.16112],
[1.07901, -1.1595, 1.51229, 0.16923],
[1.3278, -1.14331, 1.51229, 0.16486],
[1.57021, -1.14902, 1.51229, 0.16034],
[1.80425, -1.18033, 1.51229, 0.15614],
[2.02663, -1.24287, 1.51229, 0.15275],
[2.23212, -1.34378, 1.51229, 0.15138],
[2.41439, -1.4878, 2.00383, 0.11593],
[2.58102, -1.6565, 2.01441, 0.11771],
[2.73917, -1.83782, 1.65667, 0.14523],
[2.90182, -2.02116, 1.65667, 0.14794],
[3.06964, -2.19796, 1.65667, 0.14714],
[3.24623, -2.36312, 1.65667, 0.14595],
[3.43503, -2.51054, 1.65667, 0.14459],
[3.63885, -2.63254, 1.65667, 0.14339],
[3.85979, -2.71517, 1.78894, 0.13186],
[4.09018, -2.76262, 1.90731, 0.12333],
[4.32482, -2.77841, 2.04496, 0.115],
[4.55995, -2.76638, 2.15518, 0.10925],
[4.79301, -2.7293, 2.25839, 0.10449],
[5.0221, -2.66954, 2.17885, 0.10867],
[5.24588, -2.58908, 1.89548, 0.12546],
[5.46326, -2.48952, 1.89548, 0.12614],
[5.67269, -2.37081, 1.89548, 0.127],
[5.8724, -2.23284, 1.89548, 0.12806],
[6.06039, -2.07549, 1.89548, 0.12933],
[6.23235, -1.89623, 1.89548, 0.13105],
[6.3787, -1.69036, 2.06807, 0.12214],
[6.49971, -1.46517, 2.28338, 0.11196],
[6.59766, -1.22658, 2.4663, 0.10458],
[6.67443, -0.97853, 2.62263, 0.09901],
[6.73153, -0.72396, 2.74288, 0.09512],
[6.77002, -0.46518, 2.83847, 0.09217],
[6.79079, -0.2041, 2.91953, 0.08971],
[6.79468, 0.05761, 2.97373, 0.08802],
[6.78248, 0.31853, 2.80443, 0.09314],
[6.75491, 0.57739, 2.56768, 0.10139],
[6.71265, 0.83307, 2.34022, 0.11074],
[6.65616, 1.08448, 2.12114, 0.12148],
[6.58571, 1.33045, 1.93713, 0.13209],
[6.50121, 1.56968, 1.68077, 0.15095],
[6.40186, 1.8002, 1.54274, 0.16271],
[6.28611, 2.01909, 1.54274, 0.1605],
[6.15259, 2.22261, 1.54274, 0.15778],
[6.00014, 2.40611, 1.54274, 0.15464],
[5.82838, 2.56461, 1.54274, 0.1515],
[5.63556, 2.68897, 1.54274, 0.14872],
[5.42275, 2.77162, 1.91373, 0.11929],
[5.19861, 2.82616, 2.10648, 0.10951],
[4.96532, 2.85627, 2.32173, 0.10132],
[4.72432, 2.86482, 2.52178, 0.09563],
[4.47645, 2.85357, 2.76013, 0.0899],
[4.22242, 2.82426, 3.0616, 0.08352],
[3.96297, 2.77891, 3.38323, 0.07785],
[3.69864, 2.71923, 3.82278, 0.07089],
[3.43013, 2.64735, 4.0, 0.06949],
[3.15813, 2.56547, 4.0, 0.07101],
[2.88326, 2.47551, 4.0, 0.0723],
[2.60601, 2.37897, 4.0, 0.0734],
[2.32692, 2.27747, 4.0, 0.07424]]